5470
4233
5023
4668
4527
1187
3312
4382
2186
1042
222
2961
2908
1488
5207
4691
5253
4155
3311
1620
4580
3007
2578
3340
338
4222
4310
2519
185
5859
774
1462
5033
4305
5462
2817
5525
5988
1332
892
4677
3937
3296
1074
833
3684
51
258
5650
1757
5784
2005
4550
1534
5114
4374
1027
1692
129
3563
3073
1476
1239
1013
3793
4708
4321
3179
2598
5042
1359
2439
4951
5274
5069
5504
4906
5182
1529
4757
244
1068
2069
4711
345
2955
234
4208
2685
2663
5519
5708
552
1373
3053
98
4052
5961
4514
2960
3334
1065
2213
2434
955
2146
4892
1049
561
1082
714
4749
3446
935
349
5857
3604
6
1467
398
4286
3631
3779
1673
2649
3251
2132
2396
4556
5905
4359
189
4563
3641
5607
2436
4592
3408
4287
4212
2643
4317
3675
2717
2834
2785
3218
1775
5212
5228
712
4649
5325
22
3345
2395
4028
467
2797
2713
3942
63
4349
4145
4697
2970
4741
2058
2895
4838
517
3108
4418
2896
384
4818
5107
3012
3413
5542
4465
1460
1604
576
4903
3031
1304
2853
2090
1636
3829
5836
2384
456
2281
2306
1076
1144
505
641
1006
3043
1724
2397
1034
1651
5868
798
2093
2656
1639
5753
3022
3057
3239
3357
2008
4786
2309
819
4018
782
2346
976
1560
4893
5640
2548
3260
4055
716
1687
4839
4555
4332
900
2250
686
1073
5086
1303
5445
363
653
3774
587
2838
1874
5603
5770
4944
1690
3863
1761
3460
2826
48
3504
4385
632
1946
5775
4925
5948
1080
1391
5297
136
1945
4319
5456
3000
3496
4882
3605
902
3973
4084
5809
5998
4996
182
5679
491
3851
3153
2214
4823
1057
4971
5440
2718
826
2536
1407
3857
2349
5648
3270
4024
2948
2974
1746
942
2664
3660
3798
3372
5723
5060
3337
1719
2197
758
2385
87
1680
1456
440
5417
1128
5146
3747
3121
3267
2379
4774
966
4009
1108
2389
5972
555
732
4218
4969
4748
2538
1887
5909
4076
5112
1405
817
3181
3796
420
3606
5580
4765
3493
4450
508
1232
301
3420
3989
4362
3515
707
5774
3733
475
5944
4140
4050
310
479
2373
3944
388
1159
5872
307
1796
1263
142
870
4789
4652
5002
2195
5422
68
2444
5862
4809
2942
2737
5992
3932
5127
4665
191
506
5963
4519
1611
1381
1236
275
1533
1165
329
1904
1866
281
4599
4221
366
121
107
2071
4276
948
4296
5189
1166
3009
5739
5090
5330
3326
589
3017
4502
5787
1541
1857
5730
4131
1684
4812
3731
3374
2626
4930
1847
4019
5986
2442
3095
1149
1577
4655
117
5778
2752
4682
625
4112
3122
2857
639
2669
5163
5264
4574
3177
1827
3657
4945
1092
355
4635
560
4928
3643
2199
4393
5912
3335
2903
3521
2104
3133
4698
3840
5907
4670
1840
3930
676
4862
4096
5947
898
2386
1335
677
1568
5611
4081
483
1649
4606
2225
1878
361
220
590
4095
3236
3578
787
4259
3700
5557
4350
4491
4537
4129
3717
2959
5665
2727
3622
682
1207
2340
1670
4441
3186
1083
4518
990
2429
3115
2706
5728
548
1377
93
2204
5392
2704
5224
4064
5502
5662
3908
1387
2368
838
2496
1156
46
1490
4384
5315
3094
2890
3042
5448
2424
2996
982
1783
5642
1474
3112
4456
3999
4062
4593
1880
1591
5597
3024
3667
3060
2335
5122
4683
698
2128
3650
4693
574
721
4228
2163
5897
5854
3291
498
5922
3559
3901
2848
2954
735
3965
4588
5071
223
2423
1252
4014
396
4989
128
1419
5926
423
5690
2170
5290
4829
4476
4282
446
122
3849
1907
1809
1580
2207
5077
1288
2333
4277
1637
5427
2383
5968
1658
2830
5210
2599
2528
1928
5180
4957
5569
2174
5306
1089
3217
2924
1548
2211
5426
144
5378
1540
3475
1913
4121
2870
1921
445
2929
5144
868
5313
2982
5000
4071
3041
2353
2326
792
4499
1334
206
2604
438
4731
3812
4367
4001
3405
931
4846
5492
3362
5917
3748
5154
10
1198
2336
893
1922
5011
1996
2595
4337
4905
1562
188
3471
5698
5223
4038
4496
568
3319
2369
257
4118
4975
3885
695
5298
2958
2064
5278
777
4841
904
392
1855
612
3725
3612
3235
3639
4833
1556
747
2280
198
4933
3244
4948
1524
1516
5242
3474
2344
4060
42
5835
728
2849
5342
5178
3592
5874
4227
4193
2061
3152
4160
3569
5311
5019
346
2933
888
536
5185
4863
5932
4651
5147
2378
3272
452
1557
3037
201
2581
4620
998
2420
3800
1675
1938
3794
4577
266
3125
318
967
314
1567
1873
3032
5257
3195
5372
2302
5463
4059
5656
3874
1376
3568
5749
2824
5126
911
3426
3997
2187
5148
2455
462
2572
2103
913
4495
3197
923
5282
5381
4805
5966
2728
1117
2469
4006
793
2096
1726
1841
4911
4320
5081
5199
5806
1442
2520
2967
3785
4552
4157
86
1005
4150
1758
4375
3547
3656
1609
1214
1270
2276
4742
4915
1188
3206
1158
873
2067
1980
4634
3663
4094
3499
4037
5195
1423
4250
1227
608
2692
4187
3619
4284
5713
5501
1933
2448
4368
4092
4107
3980
4601
5757
2404
4479
1966
655
236
831
5169
5237
311
5975
1734
3831
2594
944
3494
2167
5108
4824
2971
1070
5852
3523
956
2886
5591
1350
2453
5260
1465
5681
1290
1519
5661
24
503
4740
3086
4980
1311
5307
5380
3525
441
3845
3647
4333
2117
409
3120
1001
5007
5388
2100
3871
1741
540
2707
3487
290
468
1085
432
1271
5971
4042
1328
4388
1370
4504
5088
4289
2530
1298
151
466
391
2001
5138
1927
3366
2365
3531
1985
2233
1365
1703
4832
5980
1157
5528
2115
3370
148
4814
5098
381
1882
884
1772
4572
5974
2972
412
5414
2789
2160
4932
1984
1953
3269
2230
2427
807
4636
3627
3846
2271
4406
2681
156
4988
1532
3464
3369
2303
3488
2969
4688
4313
1072
4188
3003
4204
5707
3729
4304
5316
2419
3147
2920
3014
700
25
1695
3609
3140
1601
4860
3284
4920
150
1346
1736
802
5555
4253
105
2394
3352
1259
4422
2498
3495
5613
3617
696
901
1190
5
4956
4881
2875
1811
3444
1860
2387
5049
1650
374
3573
3424
5206
2589
678
3766
4724
3977
2176
1380
1793
1148
3931
1731
2723
3644
3390
2808
1438
970
1147
795
5560
3834
3254
4195
3128
4013
4570
3726
1349
2790
3417
963
623
5672
629
3518
3974
1412
89
1861
5302
4167
4961
3502
1313
3628
1433
336
984
2297
2118
5620
3916
2435
4010
1151
5150
1030
799
5829
3878
2007
1218
1967
5444
5283
1939
4916
1826
3891
3553
5165
1901
2515
5121
879
5473
59
1436
5670
1351
3107
1344
4803
5936
1012
4585
299
1336
2637
951
2266
2994
4488
3333
1135
4998
3993
5720
3141
4377
1366
5689
2330
3339
5003
5347
4306
2208
2571
3852
2075
571
5052
5054
1616
3987
2107
2418
4178
3486
4505
3822
5500
4239
5464
3860
2631
3669
1202
3956
3506
1792
2432
3543
3587
3654
928
2769
4326
2651
2962
408
5303
4205
3055
5335
5746
227
2222
4894
1272
1112
1937
4043
4666
3693
5176
3837
3001
2889
3969
1859
2842
2082
254
832
1324
3545
422
4790
3888
760
5536
4852
750
1564
3479
3904
91
4871
4759
1735
2760
4728
1015
4426
1246
3527
4720
174
3814
5102
4044
699
1834
2860
1323
4714
5252
1493
4423
3317
3827
3442
4457
4531
3767
3542
3412
1209
4785
2765
3478
3586
306
1081
1265
5490
2864
1367
181
2229
4161
562
5186
4110
834
5910
5716
4633
1782
1762
351
3437
272
919
5832
748
5965
2964
771
3430
317
294
2662
1326
5701
490
3100
1392
5951
1011
4045
3470
1501
2543
3401
4755
614
3843
3861
96
5584
872
3985
1848
1041
2602
4664
3194
3310
1014
1817
4246
5045
1071
305
4453
5822
4323
4712
4480
5317
284
4354
916
3922
4395
5471
858
3526
145
5236
943
4439
2633
5748
233
4811
4189
5458
1676
5651
1459
2532
611
5612
5786
2521
417
21
602
4732
4798
5356
492
5046
781
5279
2893
4170
2273
1152
3866
4890
161
3123
1915
1668
526
2733
2316
463
5873
5097
421
5299
2189
1745
1210
5831
3580
3844
2377
940
617
3873
2593
3544
171
2130
245
1514
3735
5804
3246
1716
424
3590
1585
300
3712
3598
2181
3790
2295
1440
1683
1635
4477
2066
5714
1037
5547
1981
2827
1195
1794
1959
5171
1795
1130
3746
5512
5277
4372
1185
2917
3161
5623
1999
2046
3517
2731
1463
2173
2483
3192
5812
5876
4138
4713
5235
1241
2111
939
5918
1754
2592
2175
4311
5996
2559
413
2299
2088
5403
1626
3358
5586
1968
4077
3634
4615
137
5248
840
573
2475
3935
5181
4291
744
5899
4220
186
5370
841
987
5482
3645
4534
1278
1631
3755
4029
3894
3015
296
2878
1390
2192
1839
3131
2554
1389
3497
3328
3395
3332
3768
640
2376
5053
1461
5322
3146
16
106
3023
15
875
2767
521
4285
3567
2793
4273
40
4097
1876
1393
4700
524
985
779
5491
3792
1605
2327
2004
2828
2831
5166
444
5925
1318
1411
3165
2902
212
5314
5821
5570
1399
3600
3823
1038
745
4268
1208
5424
203
1780
4578
3776
3458
906
4082
4630
789
2821
2502
1106
533
2153
4176
1479
3582
5861
4868
501
4325
3720
689
2555
344
2274
3367
1713
2689
4689
4836
5652
3183
4596
4324
3378
104
3676
4602
3129
3913
3565
184
4735
877
5823
4473
1559
4120
2356
3909
3077
907
4813
5039
3467
50
2772
4784
634
448
815
1175
1409
4063
3136
4098
5352
5472
4558
5688
5527
2456
5691
274
1593
1126
1581
2745
741
2861
77
1679
2009
3085
569
1337
4437
1522
4788
1949
532
3396
4616
4861
1268
5481
5590
407
4061
5621
2038
4685
3902
2105
5205
2416
2998
291
1285
5201
3425
930
1275
5142
247
1587
1899
4460
5520
4025
3226
4452
1518
3308
4230
3677
3087
2688
5291
308
5233
1500
4776
5008
5391
5676
1723
1282
2583
2245
3692
3584
1099
1828
5453
5079
4536
4840
1143
5140
5855
3220
1760
5760
5416
2739
1602
3564
365
4172
3536
5958
3724
3757
5583
813
4795
4100
5225
544
1059
3743
5505
5309
5125
2094
5712
964
2367
4603
1892
2770
1528
4252
514
5254
5136
4671
622
4464
2877
3011
5439
1120
1201
2431
347
5949
2734
5856
4940
2315
1586
4008
177
3282
1850
4675
547
2794
5374
325
502
95
499
921
5946
1056
3109
78
668
5979
455
2587
5756
4031
586
1478
1228
5834
5543
5024
1192
1669
1773
2430
3380
605
1549
5406
4704
94
1648
1613
3986
3271
808
4702
2600
2223
4565
4770
4513
1352
1124
1347
5153
1242
5696
228
3967
4415
1712
3905
1384
3961
2123
1331
1069
1897
4144
5089
4316
39
2764
1706
2489
3920
5734
4553
1732
1864
1277
2840
1994
4184
1342
110
4533
780
3636
5295
4363
3890
2481
4207
3556
2133
5262
5589
4342
4443
3815
2590
3895
5618
1053
3394
5602
2829
920
320
3825
4293
554
178
2319
230
3084
1086
1538
1589
2255
1280
3554
731
3074
4579
197
4080
5173
5596
67
3104
588
1295
564
3187
3156
3263
45
2975
3436
2248
5578
3691
2047
2653
1702
5293
4133
697
3026
1696
5442
3994
1689
3610
4982
763
3457
733
1790
5617
2729
5745
1221
5940
5891
4053
5246
1446
4387
5898
4530
1222
152
2137
3603
386
854
4584
5860
5697
133
1805
231
5093
3320
2488
3063
941
4947
2609
5604
1168
5694
1990
5673
1199
2460
5292
1941
253
1597
5331
2666
2922
2026
504
5009
2253
2941
3171
2406
5791
112
1091
1204
4214
4137
1058
4618
4191
5457
1812
1733
5476
2305
4243
100
3360
5132
541
431
4365
3134
769
401
3288
5574
3228
1062
3462
2409
3190
4842
5751
2013
3959
5559
4474
3316
5797
4808
778
3806
1206
1162
2458
1422
5563
5767
5179
713
1924
1987
4611
2293
1617
853
5517
5407
3498
637
4463
5227
4262
1441
2249
76
3200
2950
5474
41
2459
3078
1105
5781
2894
5109
2251
4883
1103
5394
357
4583
1396
1258
1935
1007
3215
1647
4134
2574
4366
1543
995
2888
2957
5646
5258
2690
4899
2257
4149
4972
4301
2165
5889
5838
5232
489
5013
3842
784
3110
3962
2331
2286
4648
5211
469
1849
209
2871
3864
297
1353
1482
1131
4030
2166
515
3416
4963
3753
3162
2227
1470
3804
2930
2987
5129
1145
4116
5636
202
5952
4035
3045
684
404
2070
3343
1902
4987
4113
4647
1289
2307
4413
3356
2347
484
4858
1454
4739
5865
3159
2561
3608
1305
4093
1512
3124
4433
4442
1217
1429
3188
4086
3865
5539
4254
5878
2788
1293
4810
3079
1804
3862
5742
5022
4344
4380
2415
4865
5999
3955
4501
2616
3027
1212
4908
616
2124
69
2092
2324
2473
2620
4067
4215
863
1584
237
1448
5488
3847
4631
433
5027
4924
1890
5588
5409
5894
3741
4912
53
3715
3594
2122
5221
2513
2883
2141
1430
5839
5151
3854
2711
710
4360
3004
1714
52
2725
1394
558
2042
3434
4874
2940
5434
2112
1806
5149
2630
1546
3898
1881
2952
1118
5509
5893
2284
3762
5430
2758
37
238
3341
2101
2403
1662
3040
3423
1547
2490
5738
3472
1944
3995
5405
4777
2053
659
545
5807
2507
2852
5598
3771
646
2194
1447
4960
1385
4275
2843
4279
852
372
1113
4684
2277
3696
2177
2551
2625
340
3281
5016
5305
1800
992
35
1751
1962
749
5085
4934
157
1129
5769
1266
118
246
5058
2095
4952
4644
3924
4532
4877
3205
578
2779
2465
2865
4249
739
5906
5549
2487
5664
2939
5579
5145
3044
4392
3448
4760
812
4383
4336
2686
1886
661
4984
945
1677
5511
1134
929
3817
4132
2470
2116
4376
2564
4806
5991
210
1181
4876
4142
2421
1173
5982
1115
1674
2836
4378
1612
3113
1569
5263
5192
332
2360
1710
3213
4821
3410
829
932
450
1697
2993
4074
271
3925
1140
2002
5327
527
1753
1155
675
2874
5830
4859
1930
5758
1643
3399
1634
4754
2912
2036
4179
459
5790
5467
5256
2935
1119
1035
1573
537
2701
5930
2899
3386
4493
5222
256
2647
5841
2529
265
3637
624
2410
1835
4605
3524
1925
4523
3400
2777
19
3030
2641
2854
1974
140
80
370
127
3621
2738
5776
3139
1627
4357
2278
162
4487
1911
3379
1872
2016
4820
1771
5411
2127
3021
5487
2679
3117
5768
4165
3876
2791
4183
3707
3982
167
1160
5639
3427
626
5139
5798
2068
5304
3519
1578
5816
5420
3936
2776
512
4923
1853
5530
4736
2390
3673
5450
4896
31
3625
1622
1255
4637
3363
1947
4878
3166
5556
1022
2832
5572
3835
5443
2154
1021
3687
776
1722
3579
5600
2449
2045
980
1257
2033
2407
4763
3516
1951
4300
4251
2527
5634
79
796
3414
1721
5468
481
279
1397
1416
3278
1875
38
2983
4106
1865
3076
70
3595
2089
3028
3477
429
1942
2720
3106
3418
4994
187
303
3927
706
5217
268
4308
5087
5609
3926
3911
4087
3154
1550
321
1317
722
1437
2312
783
4917
4993
4843
5072
3593
1717
5814
2844
2652
123
1879
570
219
2784
1197
5361
845
1292
125
581
954
155
1061
4023
3175
3764
1530
5082
3934
3950
5255
2438
2545
3688
1830
5365
9
518
62
5172
2051
5194
102
3253
1969
3635
4484
4190
5188
3638
2823
1475
5550
5985
2074
5562
3679
2084
3538
5819
5115
2290
3283
4234
5722
4830
3585
743
3351
5616
3391
3702
1230
4650
5514
2113
2986
1211
5174
1678
4386
2607
3298
2778
5919
5990
2185
1640
535
5933
4033
1087
2494
5415
2495
18
324
801
5286
1300
1009
2401
2129
3671
4931
5168
289
671
5826
5515
1566
4627
1789
757
5099
5355
3561
5497
2815
4245
1583
1122
1646
1625
5056
5869
461
557
1229
2565
4747
4918
224
2006
1976
143
1659
4669
5133
1355
270
3304
5503
3461
4020
997
2044
5419
1213
1492
3856
1610
1170
2311
856
1582
5554
4703
5106
2851
1958
2254
766
5880
860
5789
4968
2812
4772
5157
383
542
4153
5581
3489
5031
5901
4825
2291
1843
883
937
767
3422
2805
116
292
3054
2588
5451
4294
5659
3046
663
4653
5021
2517
1322
2988
5885
830
4597
109
2855
208
359
839
2400
5164
2209
5104
1992
3629
4369
3756
4737
11
1833
5213
4329
3791
5095
3438
3782
2359
3368
5871
4089
1989
5686
565
1709
1624
2150
973
1138
1283
3529
3466
1815
5630
4797
1694
1031
2648
1819
1023
1664
4999
820
5674
1867
352
1641
2164
3020
5340
5803
4640
746
4196
385
4117
1575
4723
3824
1883
71
3981
5887
4612
4562
1487
2906
1836
2131
5682
2676
193
4768
1606
1400
1558
4041
47
5521
5788
3533
4701
3674
364
5793
173
1237
5864
5669
4921
539
2012
848
4402
5418
5452
3775
3933
5605
120
2040
636
1973
5593
2825
3778
1979
4166
4054
2193
3912
4542
5837
994
4438
5566
2422
5065
5261
1307
759
809
5928
3058
473
3157
2763
5333
5073
4312
4123
2691
595
5055
2350
1234
2500
85
657
5187
3841
4122
5324
5800
3051
709
2682
2862
4726
1956
4206
1903
5693
66
4451
1269
5984
2759
147
1816
2978
3528
3830
1554
3203
427
953
4508
4156
705
1614
630
2573
5553
1781
1750
4124
2514
2156
3990
5587
837
4327
3144
5660
3868
1330
849
2059
1515
1008
2618
72
4175
2024
5268
2032
4490
5799
804
2597
3072
1727
4571
4469
1824
4967
3279
5935
2
567
2463
3247
1730
5025
4162
1681
1121
3398
2904
2372
2898
204
5524
643
4847
4639
5499
5152
1526
4607
5310
1623
599
1954
5334
1418
3759
2683
1496
2480
5903
1491
1672
2541
3018
4695
4657
736
371
1299
3828
4485
322
5844
1506
4888
2613
2638
5892
3264
5994
5075
2657
510
4400
5044
2947
4959
3454
4432
5957
2695
4958
4272
1172
3130
5619
4201
2114
2749
3006
5667
3574
4638
1603
1047
989
341
4672
3734
4566
3083
2757
1747
3469
3209
4864
2781
1455
2916
2168
2976
2031
2098
4168
1821
457
5094
993
3364
5432
4869
328
5469
1133
2968
5641
1240
1127
2417
1888
5288
1395
1321
702
2526
3005
4425
4676
3697
5281
4048
2022
1262
3906
5285
4083
4364
4147
1358
3540
3415
4027
13
5135
3150
3507
5159
3626
1136
2503
1707
3221
2239
103
1287
5275
2065
5373
3429
1403
5645
1957
4557
4468
5700
925
3807
947
97
694
1067
772
5017
2342
4855
4341
1698
4891
3118
2879
2200
2077
2301
2869
3976
5796
1948
3633
2876
5465
2585
1281
5545
348
1167
3754
2202
765
4075
5336
26
692
2355
2041
2973
2703
243
5726
797
3975
3722
1917
1838
4315
5318
4420
855
650
3067
4515
530
2466
3886
1718
1700
2675
2702
313
1356
4851
5548
862
1801
3802
4280
390
3566
5896
3064
4373
3439
4738
720
2837
2925
4447
3836
4104
1485
3749
4775
3919
4549
4817
3972
180
83
1527
4039
4356
4781
2391
4021
2477
1918
3602
3445
1142
4914
4361
3597
5538
4835
4379
844
1161
4997
5113
861
4051
2260
1628
5068
5130
4225
4538
2039
3295
339
5386
5301
2501
1748
958
4856
978
5653
2049
1449
4696
6000
4624
4529
3211
2374
3402
988
1220
4421
4678
1964
1431
1502
1898
1931
4880
5412
1
3052
3953
2984
2750
1090
3947
5048
5782
5732
403
5811
2361
3799
2586
1274
3029
1891
5886
5461
2740
149
1740
2191
2506
2576
2542
1189
2025
1183
5506
309
1537
5546
2863
4017
58
5846
3245
918
5610
4339
3456
563
1354
3240
2932
430
2923
5663
2800
1765
3859
2856
4559
4642
1004
790
4953
627
5383
5360
5066
4261
4303
1940
4309
511
1098
4258
5577
811
1910
5226
1267
2525
2413
2021
4238
3680
4729
2509
410
1225
5890
878
90
2272
1715
5320
3432
3145
5772
60
1837
1410
5062
5078
670
4564
4910
283
2269
805
2275
3385
5744
5379
4873
2714
4248
1088
5160
874
3275
1374
5931
3664
1570
382
3016
1215
2017
601
520
600
260
4002
4853
5601
2120
2742
108
2351
704
4974
2237
4211
607
3137
4595
5249
5064
2318
192
4290
1177
3065
3727
2352
5459
3127
5220
5568
5167
5421
2125
4412
4007
2786
3336
516
5810
1998
3404
4782
471
2523
442
3970
4507
1971
5943
2557
5155
2673
2867
5196
3268
2267
5627
974
2697
927
4471
5551
5266
5927
3255
3347
2158
2798
5765
5475
4628
3988
2474
3208
3855
1224
250
2034
5029
4404
2184
4299
5162
4398
495
1398
4822
395
3210
3440
3135
2569
2151
5096
4547
3811
887
4114
4949
5404
4232
897
5329
5950
4130
3777
3832
2936
5396
5156
4405
5124
267
1831
2580
5128
4489
946
4686
770
5671
3048
4409
4609
1481
1688
3392
3169
2246
979
1404
3070
4512
1016
1494
172
2913
3624
3728
5014
3393
2677
3522
3716
4524
814
3373
3730
4347
3879
64
3248
2110
5344
3761
5795
4752
4709
4424
3838
3581
2804
3960
5410
3184
3758
2814
2591
3361
439
2699
785
2579
2310
1856
4046
3611
2345
1884
5341
719
2060
3534
4857
4503
2243
1316
5100
3227
693
850
5484
1107
3485
3992
5202
3447
4005
2990
5431
3867
3833
1778
4
1544
3088
4470
5824
1615
4964
3805
1048
2611
2072
3744
2451
1296
1480
229
5851
3292
538
550
1525
2440
3321
4587
2716
5633
1445
592
2608
1044
5435
1607
3649
2558
666
2062
3723
1325
5815
12
190
5808
859
4586
5964
2708
2371
2905
5010
4568
4185
961
5429
2015
4177
5076
2624
327
2735
1343
1123
4125
451
2198
4581
4828
4351
2300
5312
5137
5766
1785
1094
1553
1294
5032
1302
3850
4551
5647
416
3642
5761
389
4411
3331
1965
4589
3468
3819
2217
3059
2847
4943
2262
4127
3256
3224
20
2029
1551
1320
2079
2524
5969
354
4546
4267
369
2553
4159
5752
2162
2241
1701
4231
1916
2393
4576
3816
164
3387
3176
1043
583
1893
2963
618
4194
2203
1360
5888
5884
4072
1254
1111
2645
3476
3265
3808
5523
4545
2766
367
4419
5276
3500
1814
1444
4610
1871
1413
2505
1219
4461
5939
725
4632
288
4040
3505
5063
2868
3613
4345
114
56
4582
4962
5695
4751
5193
4867
1051
3238
1024
1499
1912
2938
4807
3202
891
494
4976
3354
4213
3896
4416
1203
2366
2258
1510
2375
302
3509
1196
4955
551
43
2531
3983
715
5755
5960
1363
5197
4338
3061
638
477
5571
4429
2859
667
5599
1164
5631
5993
199
17
5983
1179
4849
1598
4217
2486
4744
1797
2054
3938
3810
1315
4070
115
3222
2256
1386
2999
2183
3325
3689
2027
2845
2119
679
1521
1952
1432
3039
2980
4390
685
4307
5654
3036
375
2242
1704
5038
2997
3377
1638
881
4946
3787
3189
1095
2909
4036
1472
1531
4654
434
5230
3299
2283
2801
4966
165
65
1125
5294
522
4109
5384
4235
1362
882
2341
4111
3214
4750
2512
5389
986
5924
5425
4012
5705
5825
2169
3082
3795
3252
4328
5395
3080
1261
1078
92
2083
57
2148
4909
3511
2882
1970
4269
5717
1235
556
3940
669
818
5397
1565
4146
2582
353
406
1372
1401
1870
23
2212
5495
5359
1630
428
3957
3532
342
4791
673
1739
4629
3453
1799
2282
2991
742
2081
1983
606
1561
1010
1101
3520
2934
4687
2575
248
4004
3881
5234
3492
2180
4815
2892
3549
3562
2755
5215
5544
3243
5270
1832
1451
3309
753
3142
1656
1096
2635
2196
3662
1154
4802
754
5494
5565
4192
2617
2236
5902
4446
2603
476
4591
3290
3979
1682
1600
1100
4743
5018
3682
5916
200
1895
5209
5308
4427
5735
4370
4694
2298
5353
1186
1755
4771
1450
3212
895
312
356
2684
3659
1977
726
3199
1729
5575
4983
2640
723
2642
596
168
5101
217
2802
373
3097
5273
822
3951
1250
4528
5198
5644
2547
1756
5289
4733
1579
1661
4163
2358
4674
2627
3880
5345
3893
5531
672
1555
909
5105
5945
4381
5041
5900
3789
3049
3164
3701
4078
2270
4085
183
415
221
3620
2086
1774
3821
4799
1846
138
2511
1738
5740
2057
1705
3450
1572
3066
4430
5934
1097
4520
5978
4526
2774
2810
1414
4436
3297
5118
3301
4270
5989
2294
4792
1988
5801
1851
2121
4278
5339
32
5247
914
2568
241
1180
2076
2665
5350
5635
4886
1039
5995
2671
54
5883
2753
5375
3966
4335
337
3473
1020
3170
2655
3433
4767
4758
500
5576
3718
4186
2149
5845
4483
335
2518
2672
5238
3289
282
3353
2454
1473
4621
2850
5369
4937
2491
1877
99
2363
683
1338
5915
5387
3019
205
2926
5699
3877
2381
917
2921
4866
3241
3858
737
4981
5349
4613
2289
1378
2354
2426
464
3173
5036
2508
5592
3303
1249
740
2550
5711
3257
3168
3710
3752
4872
2159
3772
3765
2992
1116
5358
4355
2287
1247
3576
3763
1766
3512
507
2577
3738
454
4103
3685
3548
3558
2323
2205
768
824
1914
2457
738
5183
1231
1426
405
319
5680
4730
1978
3910
2003
1523
1383
4264
1003
3571
4779
2756
7
3907
4543
2841
5727
278
4472
890
3103
1279
1415
273
1663
2674
1452
3945
2846
2219
3306
4229
4608
4506
2787
960
323
922
3769
5794
33
4180
5843
2425
2320
613
5401
2897
1453
4927
496
4431
810
2504
3143
1509
3259
1458
2252
276
4226
1178
4015
343
1388
2063
5920
4929
1823
5923
3630
3560
4715
1642
5259
5959
5981
170
3071
1484
2011
458
2471
604
658
681
711
4656
4778
3539
4614
4173
5763
1802
1633
1495
729
1153
1146
1341
1936
3273
2497
4237
3742
2839
1955
5595
762
2055
549
4510
4101
3193
1139
2145
2244
4516
2705
5638
2485
2334
3293
2719
4403
4288
49
1248
1040
2540
5026
5103
2348
4667
880
5287
645
4417
3978
1141
3441
5478
1671
654
5771
2000
3751
2445
3939
2343
4746
5552
1306
3616
28
73
794
2388
3681
4073
146
2811
4705
3892
2043
619
2091
952
4995
3503
126
358
3047
579
84
3322
2533
5533
315
5820
166
2761
1339
2741
402
3381
1054
5941
418
5649
3389
5828
2693
295
5486
983
1599
609
2126
44
3105
827
2667
708
5402
4816
5850
4255
119
5200
2308
5632
4590
4445
2614
5091
3514
1319
316
1036
4482
580
621
2408
4047
131
1477
915
5368
2052
5687
1345
3407
286
419
287
426
5376
249
4992
4895
3632
1744
886
5319
437
687
5847
5280
2807
1421
2782
2492
2035
55
3596
4978
4119
2399
4764
1920
4102
2949
3998
141
134
4271
478
5510
1243
4266
2816
2522
207
1291
4079
3225
553
773
30
2696
4643
326
1424
5245
806
1788
5367
528
3101
5668
4099
2364
1046
3996
3713
4913
3839
582
5067
5721
2773
334
1064
5564
4209
3737
5203
597
843
480
2467
615
1932
1314
1728
2858
368
3451
2472
3196
1077
5004
3665
2304
3591
2670
788
764
4256
3182
4399
2818
3249
4889
3465
277
2927
4561
1768
2317
5929
3541
924
3229
1191
5956
4673
4397
531
2965
1333
485
5882
5973
4494
4467
724
5773
2288
3903
4509
5614
3287
2944
4942
5725
4870
4850
1818
3242
3160
2931
2910
5879
5867
443
1017
5818
2901
3813
1471
4875
4699
5977
5015
376
2139
1919
5498
1464
2601
936
5718
4661
5385
5028
3952
4448
5737
2621
4794
4088
4845
1950
2452
2644
1653
3577
3897
1251
3178
3711
2161
2660
2402
5364
981
3280
1439
2037
3750
1507
1763
331
5240
4604
3149
1943
3914
2951
4105
2450
1184
2678
5441
842
3797
4706
584
968
1260
5057
934
482
377
3342
1340
2279
2914
1256
1368
5606
644
2919
5704
1770
2109
572
2694
3615
3344
5777
3421
3443
4766
3126
4352
5792
1539
3552
5953
4407
3038
5117
5265
2709
5346
5692
3513
2937
4068
5219
585
3174
2911
761
3081
2102
4247
5785
5321
218
3428
1093
2228
216
3958
1813
5030
3668
3069
2646
4719
896
1301
1791
4887
1375
2362
1769
3204
5849
5338
1284
3090
4260
1686
2099
3035
1063
3655
1776
3266
5116
5423
3050
8
