009154
003292
007415
006123
005519
002526
007660
003529
007633
006206
005398
004816
009733
008172
005983
009875
009457
009476
003846
008426
002437
007944
004801
002120
004974
009085
008570
007649
009286
003142
004668
006483
003598
007966
008150
001354
008681
006241
000154
005339
009229
008741
000721
001801
002654
005026
004656
002720
005354
008369
009810
008886
009272
000214
001459
007548
003205
009127
004295
002048
001045
005751
001038
003096
002928
000910
006227
001056
001012
002222
001932
008696
001371
008923
008853
002834
002282
003767
005490
004468
001742
001480
006510
007755
009550
005922
007384
002058
007361
005684
006976
006644
001769
006606
004900
009665
004990
002968
004169
001343
005758
004935
004209
003910
004140
001086
000985
006954
008615
005920
000611
001874
001561
009954
006787
004557
006479
007790
009149
000188
002363
009320
002892
005797
007276
001627
003930
009618
005444
007444
007153
006481
008051
009054
000636
002873
000210
001412
005995
008893
003408
002135
004693
001209
002545
008611
003324
008233
005374
009656
003595
008663
006493
003184
003285
005567
009860
009834
005352
008971
004244
001477
005633
008892
009195
003739
004502
008828
000062
005845
008194
004268
005942
009257
006156
006423
000200
003427
006131
009289
005176
008898
004713
005163
002390
008049
008164
009876
001837
009126
008748
007486
006501
003545
009560
007416
006192
001447
001310
001828
001372
002592
003590
009305
008608
007273
001910
004765
009693
004885
004309
006204
005489
000990
000224
002453
002502
007499
000170
003128
003542
000321
001541
006833
000972
009900
003706
005877
007975
004014
002330
002780
007369
007211
001247
000975
003276
007659
002686
002439
007599
009686
005251
006908
001490
008526
001087
007490
009307
002705
006904
004371
001648
000805
008928
007196
003694
000843
008212
006659
003418
009337
003158
007829
001176
000134
006879
008651
008546
007035
005692
001593
002740
000881
000396
006475
009947
005915
008243
001408
001248
004282
006639
004155
007840
001979
005761
004031
001992
008374
001921
008911
007342
006153
004511
005520
005203
005575
009020
009466
002205
000996
005292
002533
009944
000087
002130
002750
006485
004280
007182
006293
008480
003085
005985
005782
001516
009216
009146
006025
001939
002996
007496
000890
006649
003395
004844
005756
005701
006141
009545
006409
005650
007013
000233
000387
003403
009763
004363
003269
001528
000596
006465
000075
006532
002601
008219
009131
001019
001241
007853
007540
006320
001078
009706
006547
008797
003854
008699
006722
002804
006464
002701
004167
004824
008604
000937
005625
005254
005524
007222
008399
009877
006116
000014
009992
003781
005593
001066
002195
003841
003095
009549
000513
002103
000767
004387
002207
004335
000867
002760
003943
004870
005054
000633
007419
009660
002501
006107
001602
005039
001925
002223
005212
003813
002668
002936
002200
007136
002598
006395
000374
008199
005704
003589
004124
008925
006137
008072
006221
004116
005256
005029
009477
005514
000676
001097
001896
006545
005115
002412
009857
003747
007476
008442
007484
004152
005717
004088
001764
002072
001166
006832
006414
003667
002878
007399
009266
002721
008225
000435
006182
008355
006487
009223
003436
001800
004100
004736
005728
008449
005223
001103
002478
006825
006500
002318
003381
000811
004172
008088
001893
008424
006732
007960
000063
004857
004471
007242
009942
009096
001345
009586
009299
005241
002971
005134
006750
002599
009253
002772
008684
001330
008530
006143
002108
006703
002492
002745
002864
004750
001211
001158
004191
001391
008810
001986
003610
006900
006043
002684
000960
003144
007653
000532
009242
002034
007200
003977
007715
003999
000113
002547
007875
007233
006341
000242
008962
007073
003434
002577
002964
006861
006148
005456
004184
008670
004616
003384
009630
002383
001859
007523
007188
001706
007162
002708
002358
000422
001034
003202
001163
009119
005252
006413
003411
000718
008375
003498
000612
004206
005913
007635
006190
002753
005403
001274
004160
001692
008286
000275
005639
009435
000541
007938
006907
003238
004960
009999
007732
003186
003552
006668
008196
004819
000441
002629
006514
004259
003084
002131
000829
006011
005260
002566
002169
001309
009628
009644
005969
002574
003565
005762
005876
006887
003396
004501
004756
001037
009193
004705
003934
001153
000899
008926
003120
003009
006531
001001
002284
007630
000874
001215
002595
004637
005681
007455
009068
002479
007583
000921
003680
007524
003836
001126
004573
003663
000049
008485
009228
009970
004531
005595
002444
006911
007609
003105
008501
001476
007126
009651
005177
009591
007113
000737
005394
009553
004910
009669
009690
002579
002041
009217
006881
008394
007539
000098
008456
000205
008142
000252
006851
006674
004158
005767
009518
005506
006745
006812
007750
009507
003102
009871
001218
002138
002315
007865
005173
000426
005005
002563
003393
001835
002352
009852
008711
007160
008006
008289
000034
003919
003041
005702
004148
002109
004440
001023
002712
001933
007810
007786
004266
006037
009199
003992
003951
003332
009451
003355
000939
005836
009439
006114
009442
008040
004235
006874
000091
008646
007451
000809
008441
009925
001774
000577
003006
005829
003271
002028
004932
009680
001804
006610
009184
000728
003937
001993
000983
008070
003546
003311
006793
007558
009218
004064
006248
002520
002795
005178
005748
005011
007992
009927
006815
000802
007782
005723
004961
006034
002641
008982
005154
006837
001792
002248
008093
000898
004004
005121
000514
000338
005507
001429
009353
008939
009088
007302
005479
006795
009047
007902
009590
002151
008407
001049
000216
009032
005940
004967
005004
008610
004957
007661
000857
004933
004646
007842
005098
007882
000227
009890
008268
008322
005322
002314
002370
009493
002018
001797
008777
005712
003724
002293
008573
007718
004293
001349
000671
000608
001761
009437
006955
000736
007386
000480
005991
000289
004487
006626
004598
001506
002803
008126
009356
002822
000367
003826
003414
004979
008285
006005
005846
005288
004695
003604
009621
002428
006376
005077
008338
006391
003477
000759
001886
008466
006197
004567
008148
005432
007901
007076
000485
001228
009892
002331
007081
004626
003172
002364
002298
002353
001052
005754
002692
009856
000203
008565
006865
003800
007292
000562
005619
001831
003156
004760
009418
009106
006105
006731
007876
004887
006855
004110
003984
005057
004966
007859
008462
003075
006237
005320
006915
005824
007180
001433
009254
007724
008912
008784
002546
005759
005974
002338
007133
002432
005451
007033
008635
000469
006208
008012
007248
002652
008895
007534
004028
008120
001074
006692
008281
007569
004854
001613
005204
006285
007067
007381
004871
002232
007580
007378
009178
009420
006728
000155
003028
001710
001455
002628
003662
001931
009870
003290
006093
004685
003721
000854
009789
005068
000660
006381
006821
002672
002466
000563
003235
008240
002789
003016
008582
003413
002540
002669
008740
003606
007165
004698
009456
009045
008488
007425
000482
009682
004156
007129
001809
004312
007977
002487
003936
008739
009956
008536
006859
007689
007777
004493
002414
001355
009123
007757
001985
005118
004763
009804
002278
008145
006997
002013
008695
005411
007662
008279
005095
000878
002276
007037
008951
007655
007498
007991
001479
006173
004097
003356
000175
002266
008022
002158
005218
006894
009602
009282
001493
005182
003473
007530
005137
008884
003068
007210
002201
003289
007563
002738
006681
001763
000789
007585
001676
006030
003314
008849
003234
003244
000264
006417
008975
007838
009981
005169
009766
009779
001855
008048
005358
007297
002396
009828
003346
007714
008571
006507
002188
007756
004190
006665
001596
002172
004203
001558
001977
007464
008484
005546
008683
003121
002837
006779
001684
007169
009287
002604
004946
009581
003397
000568
000391
001919
006216
002166
005779
006448
007125
007696
002307
007830
004589
001291
000803
001174
007085
001555
009171
007546
005555
001466
004213
007836
006463
007903
008843
003777
008136
002082
003581
007957
006549
008723
003358
002670
008311
004674
001069
007221
000681
005695
009928
003832
000001
004333
005749
001288
009277
004217
008855
000337
003658
008247
009140
007550
006872
000887
009428
007050
003185
006253
001605
007339
006630
007183
008859
006046
007794
006677
004583
000823
007226
002519
005248
008421
009917
004754
009520
002123
008737
003242
007138
001746
000820
008078
001275
006119
001938
005069
005091
007512
009053
003326
000145
009061
008458
003979
008122
002214
001723
001615
007195
001628
002918
009893
004210
007965
004892
009129
009780
007870
002624
007910
002430
009102
000774
008510
004159
000569
003693
008005
004575
001219
005897
000662
003059
000922
008686
002210
009398
005409
008103
005933
005002
002723
008989
008154
001777
003888
002982
001671
001498
007758
008708
007925
001991
004002
000675
004936
005515
007807
003793
004346
004708
004813
009251
003294
003963
003701
002348
003643
000058
005443
003335
005416
000199
000263
006928
001141
000848
005298
005076
003386
008397
002029
007517
001974
002193
001382
009816
003744
005094
005268
006972
002569
007623
005400
005902
004986
003737
003420
000144
000846
002292
003887
005725
001609
009562
001624
007267
002997
002148
002733
008165
001950
001905
005044
000949
002842
002347
004315
004733
009415
002970
008082
005120
003790
005240
005296
007664
002459
003307
002811
000634
000136
007062
009042
007487
009280
004276
006504
008632
004663
009994
000592
001336
006042
000567
007043
002952
002662
005328
008676
001110
008532
009271
007896
005283
009461
001693
008086
001607
009170
004525
001590
008314
006350
004641
006387
008365
006024
003966
003344
008434
000282
000901
008606
006393
001465
007866
005722
008752
008901
008569
001185
006276
005807
005420
005714
001868
007683
001386
004652
003733
006272
000186
009234
007963
008658
000926
002824
000076
003247
002838
007821
008556
003857
007622
008980
003173
000235
009676
007007
005220
008808
004930
006342
005594
009854
003560
008191
003876
002228
003003
009372
001344
000538
009768
008639
006110
004491
002017
008319
000733
006076
008566
006180
009097
002361
005249
005478
004188
003316
001788
006704
005805
002583
003879
001816
004092
007987
000334
009368
003483
001877
008802
001781
001918
002436
004385
006373
005646
006161
008481
002084
003851
005622
002589
007613
006058
006446
005452
001399
004611
008045
003978
008347
004627
008731
007555
000772
004795
002433
004963
001365
008198
008682
003699
007056
005848
008028
008562
004790
007493
007372
005124
002253
001906
000096
007257
000044
004070
000703
008547
008600
009847
004263
001891
002584
001262
003517
003367
009640
008124
004090
009121
003404
002657
008744
005316
002831
008405
008769
005591
008453
002256
004082
000765
006792
009232
007634
000304
000106
006328
004625
003464
007005
005943
003531
004434
001229
002454
001050
002026
000232
000017
009412
000173
008216
008726
005573
000807
002308
004755
005465
002155
005561
009500
003955
006283
001449
005497
007940
005319
000607
001841
000333
008037
002495
009866
005946
007429
009649
005928
004865
001773
004291
003182
002905
005314
002493
003030
000220
006829
009731
009348
000080
002264
004666
000366
004570
007173
004620
000416
001871
001188
004649
008920
005150
005404
001794
000183
001269
001944
002385
000804
005880
002749
001739
004851
007994
006102
002632
008970
005659
001539
008652
003784
003115
001779
009091
006194
001981
002382
003547
002640
001111
001234
008371
005242
009610
005785
002833
005417
002211
006408
001630
001538
005460
001894
002506
009747
007565
004922
002413
007579
003392
005872
009536
009884
008265
002782
002045
000272
001876
007984
000342
002288
009323
000318
005905
009048
009387
006883
007025
001807
005564
009182
000250
006004
001464
002914
000875
004808
005840
001419
005099
009824
005999
003072
007702
003470
000222
004508
008563
002234
001768
005505
008768
008190
000231
006379
005105
007296
002153
004151
006909
000785
002625
008958
006623
001205
001866
005809
006841
008984
006187
009528
009683
004330
000682
002377
008879
007881
007648
003755
004455
007764
006097
000504
004135
006072
009853
008506
003845
005122
008058
001254
001338
008507
006433
001907
000614
004560
005307
009955
009036
002638
002346
001063
008173
006392
006684
001509
002931
007064
004860
004952
000974
004412
003627
009051
003726
002731
001965
008552
006758
005599
002092
006055
006252
004030
004847
002926
000963
004426
002655
006816
005873
003499
003805
002465
009849
001129
000151
008638
007529
007082
008463
007314
003682
008295
006777
001081
005196
001004
004878
008302
007593
006382
001878
004377
003776
007489
009974
003087
000888
009532
007328
001696
008200
000641
006901
003462
002616
002095
004909
002614
006620
004558
002333
004853
002159
004856
003431
009482
004660
001276
001941
000415
009212
001960
006523
001582
001674
006905
005827
002475
009262
007390
000444
000432
009317
005410
003020
006402
008597
007105
009148
003319
006454
007044
008617
002424
009304
009243
006993
001077
005333
009238
001400
000720
005201
008412
008745
000261
008626
001887
001856
008274
005703
001569
002251
007637
006571
007970
003044
002421
006740
009837
001515
007212
000428
008029
000520
002759
000452
000147
006363
003982
005285
003555
000656
008210
007927
007108
003369
002881
004818
004189
001279
004177
001264
009672
000685
001329
000969
001260
009240
001098
007766
007753
006539
005104
001122
000240
004970
009157
004107
000547
002765
006088
003750
009175
008033
006760
003399
002739
009515
007928
001719
006169
001036
004911
003026
002637
005427
003339
008318
009980
000610
008599
003467
006978
001771
001818
003872
001658
004365
002556
003924
000335
001287
005318
008705
003179
000745
000445
003957
008792
004334
000008
000628
001235
004759
003254
007787
003544
004481
001664
008913
006744
000259
006049
008787
004565
000919
001358
001377
007121
004164
003162
005615
005508
004499
008144
001535
005492
004586
001067
008317
007491
005108
003500
006975
004636
009116
008425
006410
007316
002724
006318
009930
004065
007946
004341
001430
003812
009440
001796
003429
009508
004085
009719
009315
004294
002572
008097
009192
001202
003807
002989
006441
006783
002805
009491
008979
005512
006177
008964
009268
006400
007377
002615
003952
009060
003620
009840
004702
006436
000148
004131
009143
001915
003802
006517
009207
004055
009631
001755
002799
001444
005690
002743
005627
000769
004053
004205
001099
008541
000945
002639
000838
003145
008533
009639
003438
008085
002472
000883
006352
006364
000697
001964
002979
001594
009684
002101
009797
002231
001253
006205
000876
005362
009848
000344
003380
002613
009635
009019
003554
007744
006354
002792
003519
008607
009557
000909
009990
002676
009704
007208
000115
004473
005350
008170
007993
002235
006416
001621
008232
008482
002919
009599
001483
009330
000291
005245
006437
008309
000928
005521
006802
002440
007911
009597
002659
008141
002552
007285
001663
009600
006319
008451
003618
008180
004678
002187
001610
004108
007803
006023
000905
003295
003779
008446
004303
000438
001378
009530
009275
002859
001250
001409
007039
000287
001811
004684
007202
004592
007806
007616
003600
009022
003652
004968
001191
000116
007495
006511
007156
002230
000950
002306
005539
005757
002649
005074
004337
008248
003110
008227
006949
007244
009215
008067
005713
006139
006459
001025
008258
006895
009750
002764
000880
003697
000298
005013
007203
006488
003882
005649
007990
002600
002451
004075
001295
001798
002967
001006
004747
004366
002371
002790
006424
009737
003728
006810
005065
003532
009496
005957
008786
000109
006687
000467
008637
002898
009070
007914
003819
001929
000535
005051
004392
007665
000131
003956
006349
002320
007167
007305
003710
000618
008269
000449
006791
003124
005279
002023
003458
001948
007341
002044
000642
000677
003636
007845
009039
005380
007414
000244
009475
005967
007030
000477
009864
005784
006786
005523
004639
008229
005736
008508
000133
002644
008643
009544
001299
003221
003484
007478
000419
001182
003839
009079
007573
004399
006593
005746
000421
002032
001325
000659
000166
001840
002083
009244
000141
005778
009270
009210
006830
001651
001350
004223
006919
001142
004078
004545
007773
009799
008513
001243
002802
003268
006822
002596
005655
008649
007848
004087
006152
007765
002368
000094
009627
007373
009018
008712
000916
001059
004465
001118
000615
000635
007922
002322
008055
000869
006775
005025
007363
004810
007404
001557
007409
006747
000164
004196
009757
009357
008017
002367
008118
006473
000268
007926
007740
004735
009449
006946
001047
007274
000620
008186
000917
005621
004590
006892
003415
009712
006228
001389
009247
005979
007187
009380
008753
008620
009996
001998
006256
001457
007370
008764
009745
008909
000371
000606
008135
004734
005724
002462
000430
005070
000512
004389
007947
003645
007769
004324
001157
006296
009471
005052
003430
006715
002323
006394
006554
001497
003097
009519
001829
000979
001242
002924
005788
004230
001888
008108
002883
001376
006331
001724
009503
001649
004265
004147
007175
009902
009156
002286
000799
003843
004544
005893
007813
002326
008851
006898
004227
001947
007266
000361
001505
003466
003058
000037
009617
007407
003580
004306
001396
000929
000746
007053
007065
004408
007141
009953
005392
005964
005644
006003
003083
008304
004207
008416
003181
007900
003932
007618
004785
003321
005210
009294
007858
007421
006528
001258
005423
008125
001795
003788
006671
006708
002588
007645
000994
008514
000575
002884
000276
006860
000989
007513
006348
004466
005947
007154
002591
004832
006128
003197
003597
003057
009292
008460
005407
008671
004361
005313
000411
002504
004441
009809
001936
004246
005828
002203
004006
004729
003352
002559
001650
004811
009377
003021
000861
004208
005207
005667
001625
003594
009701
005617
003520
006680
000027
007218
009454
005008
008560
000505
000105
003371
008933
007832
003457
007158
009501
007955
009505
004489
007362
000948
007723
009522
005229
008714
001256
005541
003440
003811
003626
009531
007833
002626
002922
000648
002004
001824
001536
004038
006281
005237
009732
009760
009821
006585
007951
005881
000090
000828
007036
008272
008698
007191
000836
004199
005228
003255
000125
009497
005226
005972
009173
006222
008596
000651
004724
009452
001273
002174
003218
008603
009194
008880
009083
002860
008353
003422
002078
002052
005110
008902
000429
008721
006427
009220
000182
009782
000729
004506
008298
003513
007045
005679
004222
008223
003188
006689
003078
000643
000015
003718
003426
007311
001303
002476
000085
004105
002343
007815
008623
004671
009896
007543
004815
002365
002917
005462
000127
006770
002925
005336
004596
002134
007119
003441
009351
000616
006006
002379
004153
005525
005441
002325
007647
000722
004971
006080
009756
009561
004390
001643
004843
006733
006893
008678
002621
007094
000850
004338
007052
002426
005477
002891
005128
009869
001257
004830
001704
001875
004166
002879
009297
001552
009447
003134
007355
008735
002446
006656
008577
007193
001473
003950
003833
000744
003241
009328
006047
009174
005678
004744
006871
006698
008389
006727
009141
000589
001271
009736
008256
002575
007410
008876
005930
009322
004356
007939
006312
008502
001364
002434
005310
000946
005179
001510
002828
007728
002392
001420
007552
004201
008130
009011
002262
000731
006067
003273
006776
002398
005606
003913
009366
001782
001026
003562
006824
009062
002280
008666
008818
009417
003246
000982
000142
006755
009423
003264
001080
007398
008829
009395
001884
005107
006287
004928
006419
000598
005949
005657
006356
006160
000047
003855
006134
002300
005924
004913
005743
001996
003178
008863
008492
001767
000835
009185
007112
003900
000904
000454
009065
006429
006713
003871
009938
009338
007131
009997
006321
000351
006130
003192
004597
007319
007229
004372
004332
008059
000646
004035
006353
001863
002955
000967
002449
007109
007115
003067
003250
009978
007997
001092
000478
004483
007442
004076
008730
001525
006244
005290
000157
005730
006431
007215
005600
003725
000709
002617
006849
003874
007420
009152
006426
003125
007171
002962
009681
007551
007265
005869
009052
002920
004632
001642
005874
005142
008168
004228
006405
003758
002754
003540
001366
002494
005001
007092
001446
008869
006371
001604
007084
008134
004240
006218
007501
002057
004717
008237
001136
005945
001373
000470
000192
008657
005719
000902
004890
009909
003148
001132
004827
004615
008109
005395
000189
008461
005141
001922
007837
002236
000617
007686
005219
003971
000384
009314
008831
009935
000529
005819
000756
003113
001290
004548
007137
007016
005371
004229
004571
004480
003243
009572
006061
007374
000266
005534
006447
002846
001249
009916
006804
001117
005665
005363
001966
003557
004047
005311
008324
008321
009013
006224
005187
002963
008131
000290
002415
009230
002181
001018
007038
000542
003817
004881
004834
005648
007934
009485
001718
009594
002606
007962
005671
006185
007127
004792
008115
002949
001160
007897
003013
004454
008503
007869
003564
009574
005334
005977
007700
003203
008359
007958
003551
005424
003476
003861
002887
000365
007983
004122
003880
007268
007206
003027
009652
003135
002518
005576
009570
004530
009932
005125
008271
000138
002456
007575
003330
008896
009489
002793
003518
000319
000903
001697
005989
002179
004374
005387
007365
007812
009205
002452
007492
004823
002061
000768
004536
006038
004882
003064
002868
008241
009741
000714
003506
002056
006513
002553
001971
000260
006828
006001
005033
003522
001454
005442
002661
008465
008782
006482
009424
000238
002329
001660
004647
001381
009776
008754
009408
008756
003789
004068
009444
008320
006242
006947
003372
002310
002761
007701
008341
006316
004012
008725
007497
002757
007223
006267
000068
009138
009778
007152
005117
003150
001945
008089
009655
001221
003343
008335
002425
004318
001496
009397
008914
000599
000894
006921
005397
005921
009120
006184
001423
006066
001272
007578
000944
007956
008166
004534
009090
002958
003036
008801
001589
000052
002043
007943
000831
007566
009738
000274
006189
009664
003848
006018
001102
003274
005364
003507
006811
006502
002019
009636
000303
008447
002113
001478
001013
007617
004448
002714
002622
000852
008276
002177
004062
004264
000299
002400
005632
004897
004102
005291
001471
006889
009657
001575
008370
004470
002956
003130
009805
000780
000995
008594
006685
005315
009326
000526
001404
001689
002054
002372
009919
005109
004634
004067
001266
001942
003200
009839
008455
007862
003928
005495
002643
005160
002064
007906
008862
002882
000499
009895
004183
005699
003573
005106
009177
004394
002551
004354
002897
008957
002443
004449
009284
002129
007967
007679
009867
000187
004889
003222
005156
001847
007995
006361
007937
008798
004839
007729
003353
004015
001530
002788
009031
003503
007027
001740
007295
006537
004413
005357
004604
006980
006583
009551
005780
004833
008811
005016
007111
006407
003155
008182
001999
001928
002647
001356
009969
001368
003291
002107
000609
001511
001046
000056
007632
003417
001667
007605
004662
001194
008016
008036
004127
009046
009144
001702
004256
002305
004654
001431
007697
005603
001484
008041
008718
009607
007932
000028
004915
003193
009347
007861
009291
003623
009912
008813
003632
009786
008840
003820
002445
009495
000300
004300
001270
005793
003389
007598
003189
003331
005053
004304
009729
006749
005148
002268
009820
004109
005222
009391
002680
009511
007189
006682
006294
001606
001397
006885
008540
002681
005323
002001
001659
004806
007278
004817
009795
000892
004776
008789
007358
009846
003816
005858
000184
005474
005768
007325
007826
003810
008013
008065
006657
003596
007607
007430
002176
000388
008104
001635
004239
006489
007685
008907
007333
007110
007474
003333
002899
008850
009050
005851
004325
008315
006270
009261
007707
005119
007176
002813
001890
009987
008950
007010
002529
007628
001106
001424
000913
009092
005127
007921
001614
009064
008545
006499
003479
005146
007411
007779
001076
004925
009472
002265
006372
002912
003492
005485
006880
004179
008032
003338
009438
009725
004405
006981
003831
008729
003764
002999
001701
002283
007818
000976
009112
002612
002890
005803
002117
001022
009204
006763
009790
005484
003001
001460
001236
004261
002779
004675
000253
006329
007620
000652
009211
003459
001554
005304
002990
003376
003809
004194
000787
007186
008027
003732
009316
004245
006133
003713
008927
007446
004036
004066
007905
007452
002703
007584
002768
002988
005421
001972
001033
008206
002586
007287
004845
008633
007973
007621
007264
009749
002664
000556
005261
004378
005359
007051
005556
009248
004381
009807
005635
007150
007288
008106
001756
007185
009378
007345
005589
005796
007717
000965
004805
008162
007329
001852
005737
004410
004299
008092
003137
000716
000791
003074
009319
001507
005238
004771
006333
001468
008387
000801
007256
003034
005085
008795
003025
003345
005574
008724
000331
001501
009833
008891
002904
006012
001694
004373
009558
000691
000302
006084
001015
007860
004694
008529
001565
007450
000622
002812
007395
001789
009354
001416
000271
001752
009596
007101
006506
001620
000696
001091
002784
000114
002666
006913
005449
001679
009573
003899
007148
009822
006196
007509
003491
006522
006099
007814
000315
009030
008250
002164
008967
001324
004049
001326
008396
008986
003039
004721
008357
005487
006106
009936
000865
007174
007481
003715
006199
006176
005155
000786
007783
000551
007800
009948
000711
004021
000692
006596
007516
009943
003716
006769
002483
005040
001009
004924
006385
008805
002594
001165
004630
007128
001311
002857
004559
001780
000468
006966
006635
009077
003387
002687
007601
005884
006551
004000
003914
007293
007676
007032
006209
009209
005234
002490
002378
003301
000046
001711
009125
001075
009901
008328
004898
006378
006347
004001
002081
004453
000812
006916
006108
008114
008280
000022
006118
002144
004168
008827
009362
009547
005286
004200
006174
009007
005705
006548
004600
004908
006307
006627
006151
007673
002397
005448
009006
001961
002100
007139
003797
003909
005715
009264
007396
002722
008430
004561
000534
003814
006117
006503
007557
009419
008619
009752
003975
002987
000309
000654
002359
006616
006914
005494
005213
000324
007708
006641
001304
007118
000524
000241
009658
008738
000381
000877
003736
005522
008039
003583
006355
002991
002270
008440
009001
008963
006442
003279
007348
005216
003947
004237
001598
003147
007574
008837
008486
004998
004919
007042
001414
006081
008420
000726
005787
004423
008618
007959
001588
005379
002192
004875
001728
005871
009470
005637
000940
000347
007431
004686
005043
003069
004953
005927
001729
002874
004796
008988
000128
003127
000528
005745
002862
002581
002419
007217
009336
000003
004283
008179
003275
002374
001617
007798
006762
006033
002118
003970
007066
006582
004556
008987
004746
004973
002362
006438
001370
001387
006162
007449
000792
008865
005720
008990
007770
003893
006768
009502
004916
008081
004146
006584
005811
004060
002429
008866
007694
002420
008021
005685
004962
001217
008977
006785
005696
008694
007522
004718
007561
009817
009383
000317
004317
007703
007124
003456
008732
004328
003032
009021
005953
009740
003828
006756
001112
009462
004673
002416
008585
007677
003308
002249
005413
009402
005526
003357
003593
006170
005264
003582
007338
007249
008812
004218
001564
009345
000074
002008
003895
006862
008903
002294
003223
000297
001032
005585
003086
000404
000600
008000
002678
007294
009413
005727
009643
002756
003225
004601
006564
007981
000566
001967
009076
004349
008668
002713
001633
005517
002157
002455
005973
005046
005496
000933
003891
008157
001914
000632
002422
005939
002042
008192
000647
002335
001959
005707
007899
000431
006104
003773
005373
004339
009584
008760
009122
008099
008476
000254
004243
009258
009516
000653
002852
006650
000738
009132
001021
000754
000544
001116
009479
008158
002747
005563
004404
009241
006959
005814
009364
004458
003300
007568
006766
000981
009794
000923
006611
008433
000197
009759
007134
000959
004081
007228
001315
004327
008534
002407
002558
005158
009513
005771
007250
001519
003760
005435
004057
006082
007192
004728
006233
008313
009743
004682
001842
008123
000403
003312
001170
001645
008330
002215
008218
008969
004025
000171
006870
000353
009283
000770
007106
009735
006183
002646
001206
004077
003938
007299
003090
003765
007346
004463
009689
003388
001720
006988
001851
006494
001520
006079
003541
006839
001691
007656
001128
004880
003569
007440
009575
002086
001413
004431
003365
009290
007238
002620
002332
001082
006896
008439
002885
006753
001599
000016
002067
001844
003852
009098
002141
008968
008409
003229
005783
009908
004029
001504
006765
007272
002729
005066
009781
003948
009104
002003
002934
005708
008454
005200
001568
009674
008249
004460
009285
007475
008364
000808
009879
006570
001285
008213
003198
006154
004677
000530
009252
008559
007467
001897
007754
000601
008358
005335
001292
001772
006642
006780
005147
009711
002124
006031
004369
002635
003847
007588
002411
001854
004350
008894
002182
003079
008511
005224
007923
001162
003897
003584
006230
000564
000554
007712
000296
002229
007636
001183
005689
000423
001440
006725
005100
009259
006260
005818
003815
002145
001864
001362
004899
002202
002717
003224
007976
001057
001200
007760
001321
009219
005837
002880
002767
004985
004507
002642
000961
002485
004117
007301
005131
004951
007526
003496
008151
002277
007477
007711
000358
001955
009775
000313
008004
004234
005631
004150
007080
004745
000453
005597
005978
001121
005740
004661
003863
002769
007306
007435
003348
008156
001002
008549
005032
009469
007544
007795
004435
009659
007547
001629
004510
003304
002585
004422
006278
009425
002627
001826
004163
004432
002528
004692
000663
004129
001654
006305
005048
005418
007336
002901
001024
006112
009267
006111
003615
004849
001327
002851
002030
000277
004958
007742
006917
001482
007460
005883
004535
001296
007443
005389
009993
000247
000673
005662
007924
004439
006179
004696
004757
000821
009774
001542
005087
007146
001783
005184
005324
005693
003859
003257
008444
000522
008640
003720
003310
006421
003672
008578
002356
005101
008266
000412
004425
009787
004459
004106
009941
007209
008917
004141
001108
001245
009850
007456
006403
009370
004594
001612
006129
006854
004402
009798
008095
006739
005481
001748
008393
008043
003990
009831
005652
008428
003989
001210
008908
007003
002209
008660
002498
008161
003804
004591
009968
006090
003000
009886
000460
001289
004451
007784
009172
003071
000195
002167
009685
003191
006559
008438
009114
004542
009826
005112
004704
005821
003161
005815
008312
002512
009767
007872
003228
001307
006599
008062
008579
004850
005786
003512
009403
009448
004311
005414
005766
009298
003661
008664
006014
004783
004398
001467
009512
002658
002012
004079
003944
001150
003741
004358
009580
001317
007418
002190
002409
005611
007071
008404
005672
006942
003670
005244
002855
001499
009206
004585
003774
002786
000245
001775
001861
000447
002523
003368
006303
005891
003217
005732
007143
006273
004879
000533
004689
007871
002351
005958
003092
005542
006430
005596
009881
006982
002198
008483
002247
003206
009765
000970
003865
006940
000193
001277
004342
005960
008413
004872
001154
008253
001027
009865
003385
007303
005735
004842
007980
009983
002105
002225
004787
006491
007364
007063
007643
000515
003443
005301
000918
007979
008491
001393
006624
007197
009388
006422
004822
003283
005729
005202
002514
005752
004612
003054
005500
008791
004505
001060
006877
005161
008959
005312
004799
001962
008401
002762
008742
005189
000176
006301
006255
007776
007631
009390
002389
006586
003669
009150
001068
000424
007163
009739
003558
007078
002457
004923
002039
002751
000973
007095
008966
007687
008821
004061
006165
001785
002116
002491
001726
009577
007855
001177
002706
008716
001885
001952
004045
007020
004992
007375
007235
007340
008076
003964
007730
008625
000688
009384
004023
009662
003306
002726
003690
006637
008128
000386
006634
007469
009358
005908
007615
004397
001802
003272
005341
003050
004488
001341
004866
001168
003534
006383
008734
007368
006686
008885
004549
007458
009389
001342
002806
009344
001686
006667
002334
008937
000548
008653
009375
004524
009910
001115
004044
006694
007072
007535
006167
000356
008301
007721
002716
005434
008050
004072
005516
002441
001647
004486
003226
006923
000118
008584
000851
003461
000964
008941
005916
006375
005082
004540
004375
004175
004784
009783
008991
008888
001422
002909
005791
006509
003514
000100
008890
004104
001143
002775
001608
008592
005683
007405
003883
005878
007931
002562
000196
009455
006289
002093
004093
001335
004026
000506
005277
005030
007472
001703
008844
002823
005578
002099
008129
004664
003099
009410
006956
008042
002957
008815
008472
009458
007190
003850
008222
004852
002950
005682
003886
009499
005577
002221
005502
007801
002693
001721
009616
008877
006415
000755
008073
008704
009422
004820
007090
009889
008385
008781
009904
006498
007936
007521
006562
008842
007749
005535
004798
004204
004355
007892
009905
008999
009111
006444
005854
000707
003844
000286
001834
003143
003320
006594
007439
006963
007828
003613
009608
008656
007438
004352
000822
003864
008614
007675
003757
007570
000369
008972
009087
008288
001736
002240
003401
002974
002938
000055
006036
000594
005300
008273
003727
009535
005195
008235
005422
003239
005230
000705
003176
004123
004297
000572
009855
001058
007817
007097
000781
009082
003149
008202
008572
002393
004472
000795
003159
004532
000814
004165
002442
005926
008303
003612
005608
001502
006515
003126
004370
008943
000025
009342
004807
007909
006486
005419
004186
001070
000070
004019
009084
006195
000273
003709
000847
001546
000243
000540
007650
001754
005956
000650
005167
002090
003196
006351
003416
008814
002524
005864
006598
003787
003998
008833
002274
005349
007912
000050
007014
004401
009189
006524
001425
003754
009533
000045
003684
004391
005544
000509
003201
001975
007392
009363
009825
005504
004048
009401
005378
006926
008231
007026
000723
008211
003362
008294
008291
004617
001832
000026
007462
002005
002500
002272
001156
007608
002965
002619
000968
002677
002014
007933
008255
001090
008650
005970
006675
001146
008063
006536
006580
001226
005959
000559
007614
007590
000099
005475
007674
009961
008647
007935
002218
009862
004987
001428
004679
008316
004938
007093
000868
009256
006746
004858
003842
003046
009687
002522
004956
009465
003730
007879
004886
004831
005271
004316
005191
007252
003378
001151
008878
008630
009198
007088
002461
005734
007231
004171
009130
001904
000129
004984
005084
001251
006374
006845
002685
001328
005450
005997
003174
007461
004863
005348
005842
003419
003988
004020
006158
007822
002858
009341
000914
002290
008627
006261
009463
005396
005174
003717
004248
005634
000394
003177
002696
004436
000603
006435
003521
008487
006051
004174
006263
007145
001051
004648
004680
002734
008422
006920
006587
005844
007651
000463
002849
005669
009585
005180
003838
007582
007282
006891
006474
004103
005954
003922
004846
002149
002165
005800
003412
009868
004296
001369
001526
006009
005020
009614
004320
000476
001085
001127
005675
000120
008581
001572
005083
005588
009880
001744
001956
006178
003665
003657
007654
004490
003650
003468
006899
009016
003445
001514
001758
005747
002178
005601
006950
009650
003946
006772
009055
009841
008858
006397
007243
005532
002903
000593
003091
000508
001379
008634
009360
000218
006534
009823
007359
007343
000489
005464
005012
003108
007326
009109
003209
008079
007771
005295
009346
007401
005426
008715
007600
007503
003933
007184
008778
006903
002776
003487
003023
003889
007625
006092
002537
006813
009710
007733
006875
000870
009352
005919
002840
003180
007318
009095
003916
000826
005774
006556
006948
009043
008366
002354
007619
006834
004271
009695
007904
009067
006243
001946
004504
000872
008838
002254
006450
008214
003559
005308
006607
003877
008388
005861
001623
000048
004969
007155
001661
000645
009769
008717
002906
006336
006126
005019
004720
008252
004779
000819
003236
000288
006601
006390
009332
003270
004580
004343
008550
009891
009200
009793
004407
006132
002096
003961
006700
005645
006220
003497
001853
007792
000727
006085
003980
000202
008340
007120
006831
006615
009117
005909
001155
004071
001637
003153
002978
005721
008553
009394
000221
006820
003830
008084
004719
008710
007722
006147
003073
000907
003795
007397
007506
008961
002079
004176
002975
000702
001846
003856
003617
007710
002766
009541
009723
002258
004651
006310
009899
005402
004278
000474
007012
003454
000503
003037
000156
002820
008528
003603
000267
000896
000549
004018
003714
005552
009049
002337
007713
000951
008531
009359
008613
008593
000234
004143
007394
007383
009008
004042
002609
009579
004742
007985
008411
006399
007198
009379
006202
000597
002233
002536
008794
001657
008382
007751
004518
008616
009722
000239
000191
006535
006868
003245
007022
007808
002548
004331
001791
007227
009487
007974
002798
005879
004037
000557
003905
000095
004513
007304
008978
001819
004982
009239
004013
007877
002954
000752
008193
003329
006495
000072
000750
001278
008220
004564
005941
007533
007465
008945
006145
007999
004118
004568
007428
000126
003296
003829
005007
002085
005381
004113
006538
004539
003974
001494
007863
003664
000021
008110
001238
002324
002886
000348
005658
001159
001827
005911
008953
002683
000228
006724
005670
006109
008654
001898
003133
006951
009012
002631
005483
004939
005636
003146
008701
003862
004767
002349
003668
000153
001848
008061
007824
000496
004357
007454
009567
004326
004017
003259
009761
004033
008524
006496
007949
000991
004828
004893
000971
009066
007413
005466
008702
000104
009441
002527
005198
009093
008299
001997
009754
002227
004445
003954
009571
009654
002098
003231
003504
008948
006091
004482
006029
001652
006683
000773
003210
001224
003707
009604
003240
007693
002777
005530
000314
009986
000818
007021
001333
000658
003154
009399
001882
008864
001180
003398
004450
002161
001983
009524
001198
009646
000885
004553
004050
001169
007157
007572
009613
004197
006365
009906
007034
000895
004838
001732
002648
001833
006269
005243
004185
007799
005275
000362
006456
007868
000625
003394
001020
009436
003230
009311
001104
008203
005214
009227
000329
008133
008217
005984
005726
001618
003488
005075
008826
002995
002976
005764
002460
003024
004485
000456
009361
001675
009667
009527
000666
004582
009967
003004
009606
000071
001677
004605
005431
002497
003029
003435
009568
004716
003505
006452
001357
003745
002607
007748
006343
001722
001172
008009
003233
000143
000204
007532
004214
001815
007423
008429
004554
003796
008544
000163
001339
000295
003165
001805
000980
008997
007591
006516
004098
000212
008887
007077
002010
000735
001139
002582
007988
008601
000693
004498
005579
000667
007576
003035
006542
005937
003220
001084
009835
007360
006470
002481
002295
006619
009224
005385
003421
000413
000952
001638
009517
002027
005894
007843
002587
004740
007471
007079
004563
001175
005129
000931
001673
003923
005890
005303
001072
008025
003469
006794
004211
007178
001825
002908
003515
003675
007791
005351
007132
006469
004715
005217
002435
005538
007047
002053
002477
009815
002808
000382
002376
009709
002783
000649
008264
000584
007816
003912
003405
004587
000011
001803
003630
001849
003038
006254
006434
008074
001109
002147
002489
001306
000644
003151
003232
001011
006660
005227
002719
003482
004712
003489
001360
006655
002038
008628
006440
006232
005968
001678
000320
006234
001870
005511
005817
006235
006326
001014
004173
007096
003903
005197
007847
002984
002704
007307
002853
009959
009576
003550
000842
000018
003252
004977
000237
000706
006936
004803
007086
006262
004906
007040
008479
002311
002281
002911
001401
002941
003608
005826
001930
009492
002080
009764
008761
000925
005406
005731
002208
001954
004340
003045
003031
008260
005010
000884
009851
005425
000084
006334
000316
004411
008836
002173
004285
006771
007309
001035
003011
000999
001570
005760
000350
007447
003708
007161
004149
007640
009293
002771
004497
000841
008733
001700
001147
007691
005454
007216
000265
007103
000398
008631
006239
007207
005269
002269
004640
005266
008360
008008
007880
006577
002350
005190
003703
000211
002267
005071
008519
007667
000294
006743
004323
000305
009464
000527
007317
007692
003139
004406
008976
006673
006927
009034
001144
001551
007408
007255
008300
001432
004457
000340
004286
001984
001990
009758
004732
006048
008755
005221
005126
000185
009334
003649
007536
003114
000359
000401
004095
003761
003510
004437
009922
006806
002737
009181
000966
003107
004443
004602
003428
001957
004260
008688
000578
004308
005566
000172
005987
007895
003490
008916
009139
001149
006788
000123
005258
000497
003261
005501
004943
001227
007433
007194
003702
002055
002119
004043
001452
005810
002245
003258
009975
007049
009278
008378
008564
002431
003123
003896
005820
007457
004722
003262
005482
001793
004416
002121
008622
008195
008736
006710
002486
003609
008497
008205
009827
007470
006540
006068
006581
001734
002213
006602
009845
006236
009960
002633
001916
000775
007254
000093
008391
002035
000152
006621
000082
000345
008386
009934
009450
007445
002758
004528
004707
006754
002966
008113
006969
005551
008381
000806
008847
008100
004479
004039
001331
002699
008056
008146
006163
003586
006781
001319
002702
002357
004940
002480
003634
008468
008176
005388
007586
008535
004996
008417
004010
005488
005562
008363
003183
005612
008636
006866
002718
005250
002927
002252
001485
000165
007809
003548
006622
006484
005280
000405
004145
004699
002774
001388
006492
004257
005847
003056
006695
001770
004914
005211
003981
008576
002675
003673
001532
008788
000624
003578
007774
007356
005289
001860
008469
009705
003109
007930
000389
007528
003018
009802
004255
008765
000378
005952
003688
001601
001280
005833
007629
005165
002819
004360
002302
009800
005139
003885
002829
008857
005321
007151
001644
009169
004428
005673
000844
008499
001533
008680
001903
002565
002896
008175
006056
001105
006257
004642
005353
007060
003533
002517
005151
008804
007144
001367
006873
003315
004926
009308
006592
002816
009221
006530
001232
008348
009933
003051
008727
006939
001867
008046
000741
004195
004221
007612
005741
005188
004442
007261
006643
001083
008609
006028
007884
000760
009746
007678
005059
009537
005062
004225
001197
006525
005480
007663
006478
007638
000864
009510
009191
004494
004112
005166
005273
003743
009548
007149
009010
009393
007168
008112
007731
006396
006186
004901
002809
009250
003722
002468
005852
007331
004741
006823
001813
004874
009526
000491
006439
004653
004883
009918
009587
008137
001731
006425
008938
005680
001523
005643
006838
000065
008047
005067
005895
004121
001167
005347
001978
005739
002275
004115
009459
000137
008224
000730
001963
002091
007851
002689
003005
006721
004681
001486
009161
006519
007831
006579
005171
005862
002972
003089
005660
006850
008586
003638
002516
008882
008722
004182
000492
005882
005143
001302
007284
004258
003677
006292
004950
006555
009539
003251
005331
000385
006661
002069
000638
006645
007479
006002
003194
009245
000840
007642
000689
000912
006271
005623
008955
008044
005582
003406
009400
005686
001560
001203
008772
000621
000009
004837
002340
005559
000941
005036
004180
004929
003866
000543
006071
000753
005885
007275
000472
000813
009888
007681
005086
005231
000370
002184
009231
004888
003705
002797
006432
005629
006453
006878
007913
001636
000555
004120
007024
002316
001487
008860
002707
006357
000507
004873
001268
006971
005365
005342
001491
006723
005870
006693
007746
002271
002800
002140
002752
006801
001030
008149
005138
005706
006063
004134
003920
005372
008992
001500
000860
000434
007768
004655
001912
000107
009263
005925
006738
005366
001821
001094
005337
009005
006103
009949
000024
005834
003526
006897
001442
001880
006669
005867
003455
000343
006910
005293
005405
002024
002869
006631
001549
008605
000604
006968
002112
000740
006008
006472
000839
008239
007436
002534
006761
008642
003219
005305
003894
009324
005073
000066
007856
004058
002291
003076
007320
002651
003976
008807
001231
007852
007562
006258
007344
009952
003402
000213
007952
002933
001096
000402
007117
002197
005853
003341
006983
007890
006906
005934
001301
009483
002399
007327
006098
004469
008445
008275
009697
004007
006527
006359
001714
003211
000379
008475
003953
008478
000739
001889
005276
009260
007270
004351
004629
007763
008060
008204
007788
008344
003322
006886
002709
005375
005186
008251
007545
009792
004233
003449
009634
008568
004310
003860
001522
005408
009113
004994
009099
006027
002259
009923
005157
005329
000190
000077
005792
003983
008140
006818
009183
000558
001088
000336
009721
000986
009873
002065
000225
009858
008932
008557
002510
006965
004786
009771
008728
005457
005130
009147
001738
003639
001353
009213
004216
006330
006311
009555
000498
001437
008278
003305
007485
006719
002418
005461
006569
008854
008024
009595
001958
004772
006335
001745
007048
005439
003318
006497
009014
003002
008189
008392
002170
002985
004277
005536
007164
000897
006550
008720
001286
007874
003985
005835
001462
005813
003624
007996
001316
001055
002531
008443
002002
002257
004905
002937
004114
006856
009964
001923
009647
008372
004345
002818
002427
004111
008015
009963
000574
006217
005453
008706
005281
000751
002408
004937
006300
008996
006961
008751
002634
001687
006857
003100
000545
001909
003801
009155
001320
007825
009453
005901
004991
008098
000701
003313
008931
002763
006526
009339
000521
006764
004414
001230
004512
001822
005700
007846
003648
000327
005982
004781
008822
007823
004607
008580
005808
004321
004683
008551
005609
008759
004608
005376
001138
007230
000664
006266
004941
006462
009040
003439
006245
001603
002049
004730
000283
003166
008504
006505
004307
003008
003561
007389
003342
005193
001220
001421
003994
001193
009080
008489
001461
008689
007234
005317
004101
008414
002241
009785
000710
008345
005664
007839
007417
001576
005470
006520
006366
000310
000442
003577
001418
002821
001439
006741
003256
006466
002417
007068
008415
002102
005898
009601
000464
008871
001007
008094
007684
009421
006214
000519
006773
003993
008960
008102
002360
009694
000550
004063
001042
003132
006800
009103
006286
001417
003199
003047
005015
003094
005676
009145
000215
001222
009269
005572
005192
008516
001244
006086
004220
005560
003267
000198
001670
005369
008139
006840
007006
009887
005904
008512
006384
003112
006113
001263
000935
008590
003915
005401
002778
002825
000833
007510
003539
006207
006304
004509
002715
006201
008087
008111
004024
007752
006327
005031
000278
005630
001427
002405
009883
000715
002168
002484
003055
005868
008825
006789
001463
004069
009331
003929
006652
002216
003216
000776
000117
008236
009813
003969
009404
001911
003093
008053
003480
006340
008408
004773
002730
005744
002068
008874
005763
004934
002146
006864
006962
004252
009742
003065
008779
001281
006297
003164
009569
005688
004578
001749
008226
007104
001616
004793
001573
006546
003925
002319
000158
008262
000525
003958
006125
005370
003077
001799
000201
007031
001363
002794
005093
004314
001524
008758
000783
003729
008995
005185
000346
000168
005058
009033
005929
006386
004927
005356
003511
006282
008296
004644
003689
000451
004658
006576
007603
003253
004313
006124
007482
001124
005857
008942
003281
005153
001585
005103
009467
000209
006541
004126
003752
006175
003700
002555
001314
009727
004267
005429
009276
002111
002077
002204
003088
001152
007720
005889
000810
001133
009605
002894
001337
006574
003927
003141
009946
008747
008001
004154
006930
004895
007606
006288
001089
003227
009989
002542
006529
006782
000064
006325
005446
002273
000495
003574
007735
000368
005742
003568
005976
008035
007581
007380
008034
006144
006603
000531
002074
003563
007680
004386
009514
008153
001926
004650
005738
004305
003619
006553
003325
000457
006467
008713
004052
004336
002557
009376
007705
004348
004618
003822
008457
001655
006934
008090
004751
004814
003017
008661
007688
003493
005170
005776
009371
007954
005346
004861
000395
005000
001553
004995
007538
006298
001495
004380
005278
005078
004040
004768
001869
008143
002571
002810
007382
005172
004270
004161
009333
009583
006057
007918
001125
005799
009056
009625
003082
002505
002263
001980
001705
001668
005467
008574
000511
005963
002787
008127
001517
003679
004250
002815
001405
009836
003530
000139
006748
006994
000866
004319
005440
007587
009937
001743
003712
002742
001611
002980
004665
005950
005581
005886
000089
004635
008066
002163
001095
001000
003572
000493
000591
004251
006992
009086
005509
006714
005133
006662
000680
001131
008538
001003
006944
009133
002580
000560
005510
005391
007468
003731
003996
006040
007652
001340
009300
009920
000420
003942
001902
000465
000595
002471
002063
002328
006323
000169
006367
004492
001351
000686
004130
000699
008287
009381
002986
006075
006654
000471
002087
003286
001708
005270
008390
008238
000407
003168
007716
001313
004703
005145
006468
009281
004989
008333
001347
008522
006115
002238
009698
003116
005605
000437
003423
007878
004621
002447
008064
002564
009158
008346
009429
000576
008209
004804
007091
009677
002630
006127
005436
008356
000397
007412
001305
007332
001937
009988
006560
007668
002070
001995
003475
001587
004362
000487
004089
003692
004894
009588
004086
008904
005931
007473
004419
005360
008450
001201
003794
009811
006455
009966
001619
002137
000010
006101
008377
008234
000690
009110
009186
000112
000256
003631
009504
000486
007908
001445
005903
004137
006337
002916
008178
004782
007166
008669
006322
005992
006605
000825
008308
002301
008384
003906
004091
002125
007627
000054
000341
002943
006213
008919
006225
005571
003941
005932
004474
000587
008793
009609
009751
005529
005584
005677
000269
005194
006672
000484
002260
007747
005614
000800
009728
000993
004836
000704
006664
006062
003556
004944
009190
006477
000987
003575
007089
009982
007075
009812
004752
001581
009582
009488
007671
007140
002473
005839
000623
004613
009374
006752
002673
002835
008783
001879
000886
006902
005081
005050
002380
008221
006284
001747
000450
008700
002947
000580
007400
003711
001920
009367
009153
003465
001662
003410
008830
005368
005642
007602
001334
004624
004543
000546
008588
001653
004802
003157
002744
006575
002942
007102
002785
007385
008806
009081
004669
000039
005553
003248
000308
007347
008867
004867
007690
002773
009025
001407
000433
000947
006360
008746
002384
007553
007666
001563
005345
001246
004972
006249
002402
002597
006711
001140
008505
008138
004645
004181
009430
002304
001640
003824
006291
002530
000824
007426
000217
001411
005554
007350
007283
000863
008743
005367
007571
009638
007330
006443
006451
000360
003208
006362
009894
009392
007915
005620
001093
006888
000483
004758
002046
008174
002373
001512
005865
002961
005550
005990
005284
004438
003939
006045
006457
000784
003303
001145
007864
004521
009615
009543
003742
009222
003902
004292
007357
000683
008940
007736
005018
004975
001252
004418
005232
000092
007802
008052
002246
002180
001261
008662
007422
007639
003695
007483
001951
008803
008367
001845
002122
002261
005455
000518
006974
007237
002549
007820
004514
003918
006561
000377
009715
007055
004726
009984
007322
005616
001790
001195
008834
000661
001699
006247
005855
001352
002250
008561
006563
004917
008160
009249
006122
001823
005994
008228
005537
006073
009373
003734
008687
006651
006588
005041
001707
002327
004761
000354
003117
007508
003671
007351
006853
009188
004393
004555
009593
001402
006844
005175
004748
004379
008672
003390
004288
004400
001695
005638
007170
008410
009748
000262
006578
006987
001223
006089
008929
001161
008935
001534
004774
006712
007313
007537
001297
006317
004947
001892
001830
002089
006041
008431
006064
003171
001814
004193
004517
007709
005602
003622
002948
007725
006512
005393
004697
008054
006420
008707
006625
008861
000161
000762
008080
008188
005568
001259
001586
003766
005775
000893
003360
009072
006688
006867
005961
005980
001810
004609
008998
001029
004198
006193
002239
004743
002605
007354
009958
008284
008368
002345
009791
002075
002561
009962
000988
000953
003249
007891
008230
003960
003987
008934
006938
002185
000790
001578
001184
005527
006670
002946
005060
009678
005164
004475
003323
000130
004368
000858
002467
006250
000108
009801
006991
005028
003118
006943
006995
003972
005037
002463
004403
007889
002488
004788
006010
003599
001838
005518
004232
001595
009434
009679
003685
000061
001323
007699
008373
007805
007672
000657
002464
008956
003042
003576
005447
000111
004841
008132
001415
006533
000206
002650
000978
007074
009624
009490
000777
002312
003566
002801
003049
003442
004073
009903
004119
009094
003827
001225
002902
000943
004706
002690
003635
005476
008471
008542
002285
001969
007247
002115
003904
007867
004384
003763
001508
000043
009203
002366
003375
000827
005822
000674
008208
009598
004462
007280
003823
006958
002474
006219
002152
006929
000323
006573
004791
006918
003628
007122
007919
009233
009176
004382
008352
003015
007811
001577
005181
004581
006212
006803
006398
003653
003278
006087
007504
003382
009770
007214
001733
006646
001390
008474
000038
001917
003778
008343
008467
007611
006015
003782
000322
008490
005917
003263
008448
005208
009542
009159
008595
001054
001207
000882
002998
008775
001584
003103
002814
003629
003917
001010
004949
004739
006690
002843
005765
002438
007159
003940
000672
001190
000619
000788
008261
000466
005297
001592
007998
000758
008292
009164
001470
008930
002854
007123
009578
007841
004395
004688
003298
005962
001267
006308
009924
009985
000859
002303
008518
001973
008245
001503
000734
001398
004942
005306
005691
005135
001591
008305
004236
003379
000439
002554
007177
006817
006140
006078
000375
008852
003373
009753
009971
009872
007290
005503
005102
009777
004868
007480
002682
005459
003528
003719
007246
003433
005433
001040
009995
006774
003625
002543
007376
002132
007898
007567
006295
006568
004766
003336
001717
004273
002171
000408
000280
003370
006052
008282
009162
008587
007334
002073
006717
001187
001406
006648
006274
005024
001208
002848
002850
007135
004983
006726
007406
004711
008973
005769
003516
008147
008493
007324
007762
009808
004562
000042
007366
000081
003448
009699
005831
000060
004417
004083
005267
003478
006552
003452
005770
002796
006065
006718
006790
008868
005711
006302
008400
009329
009641
008163
008750
008693
004731
002839
008621
008327
005547
009619
000301
007001
005340
007240
003167
003334
002576
007269
009523
003022
007239
006998
000326
003867
002895
005113
000372
006691
008947
007500
009730
003425
007349
004500
003959
009951
000057
006401
000135
003878
008921
008380
001949
008477
004301
005549
003611
008091
007258
001107
007624
004780
008598
003587
007849
004461
008014
005377
004125
008010
007310
002623
001114
005302
008215
005017
001450
000167
009991
004452
006121
000602
005061
003327
007531
002509
006617
008277
000177
009196
001079
007002
005471
003945
005772
009668
006835
006797
004657
002175
002667
006843
000862
008785
000132
002861
002994
005014
005235
008692
004687
008403
009478
006188
005263
008117
008539
001927
001181
001216
005445
004359
003309
005355
001192
001518
008883
004344
004869
001820
004519
002698
009407
004041
004918
000957
003524
002156
003884
007432
004253
002807
006324
004701
008267
003111
000834
003444
003474
004775
006702
001375
003106
002525
008436
006135
004812
002106
000630
000307
007968
004800
004162
008473
006653
006344
005123
000640
005558
008856
008515
000481
002016
000121
003601
008575
006945
003588
006729
008350
003486
001776
002387
006309
003738
009885
009670
005257
005966
002191
006970
007253
009829
009612
002608
002051
005326
002618
003770
007017
000717
003931
008946
003962
003567
008323
001580
004139
001786
005499
000178
004988
005823
005063
006884
006306
002671
004281
007883
005816
005587
006449
003735
000373
000719
001488
009409
000712
006924
002033
008383
003835
008177
000631
003140
009525
005262
000613
003451
001672
007114
005533
000873
004965
009529
005812
003602
000856
003986
001725
007641
009044
005866
002544
001989
009026
000393
001548
002186
006035
009563
005586
008361
002875
003501
006389
000383
002725
002289
005088
000583
006697
